[Silent]
0,0,0
1,0,0
2,0,0
3,0,0
4,0,0
5,0,0
6,0,0
7,0,0
8,0,0
9,0,0
10,0,0
11,0,0
12,0,0
13,0,0
14,0,0
15,0,0
16,0,0
17,0,0
18,0,0
19,0,0
20,0,0
21,0,0
22,0,0
23,0,0
24,0,0
25,0,0
26,0,0
27,0,0
28,0,0
29,0,0
30,0,0
31,0,0
32,0,0
33,0,0
34,0,0
35,0,0
36,0,0
37,0,0
38,0,0
39,0,0
40,0,0
41,0,0
42,0,0
43,0,0
44,0,0
45,0,0
46,0,0
47,0,0
48,0,0
49,0,0
50,0,0
51,0,0
52,0,0
53,0,0
54,0,0
55,0,0
56,0,0
57,0,0
58,0,0
59,0,0
60,0,0
61,15,22
62,15,22
63,15,22
64,20,23
65,20,24
66,25,25
67,25,25
68,25,28
69,25,30
70,30,33
71,30,37
72,35,40
73,35,43
74,40,44
75,40,46
76,45,48
77,45,52
78,50,52
79,50,55
80,55,55
81,55,60
82,60,60
83,60,65
84,65,65
85,65,70
86,70,70
87,70,80
88,75,80
89,80,85
90,85,85
91,90,100
92,90,100
93,95,100
94,95,100
95,100,100
96,100,100
97,100,100
98,100,100
99,100,100
100,100,100

[Quiet]
0,0,0
1,0,0
2,0,0
3,0,0
4,0,0
5,0,0
6,0,0
7,0,0
8,0,0
9,0,0
10,0,0
11,0,0
12,0,0
13,0,0
14,0,0
15,0,0
16,0,0
17,0,0
18,0,0
19,0,0
20,0,0
21,0,0
22,0,0
23,0,0
24,0,0
25,0,0
26,0,0
27,0,0
28,0,0
29,0,0
30,0,0
31,0,0
32,0,0
33,0,0
34,0,0
35,0,0
36,0,0
37,0,0
38,0,0
39,0,0
40,0,0
41,0,0
42,0,0
43,0,0
44,0,0
45,0,0
46,0,0
47,0,0
48,0,0
49,0,0
50,0,0
51,10,10
52,11,11
53,12,12
54,12,12
55,12,12
56,12,12
57,17,17
58,17,17
59,17,17
60,17,17
61,22,22
62,22,22
63,22,22
64,23,23
65,24,24
66,25,25
67,25,25
68,28,28
69,30,30
70,33,33
71,37,37
72,40,40
73,43,43
74,44,44
75,46,46
76,48,48
77,52,52
78,52,52
79,55,55
80,55,55
81,60,60
82,60,60
83,65,65
84,65,65
85,70,70
86,70,70
87,80,80
88,80,80
89,85,85
90,85,85
91,90,100
92,90,100
93,95,100
94,95,100
95,100,100
96,100,100
97,100,100
98,100,100
99,100,100
100,100,100

[Balanced]
0,0,0
1,0,0
2,0,0
3,0,0
4,0,0
5,0,0
6,0,0
7,0,0
8,0,0
9,0,0
10,0,0
11,0,0
12,0,0
13,0,0
14,0,0
15,0,0
16,0,0
17,0,0
18,0,0
19,0,0
20,0,0
21,0,0
22,0,0
23,0,0
24,0,0
25,0,0
26,0,0
27,0,0
28,0,0
29,0,0
30,0,0
31,0,0
32,0,0
33,0,0
34,0,0
35,0,0
36,0,0
37,0,0
38,0,0
39,0,0
40,0,0
41,0,0
42,0,0
43,0,0
44,0,0
45,0,0
46,10,10
47,12,12
48,16,16
49,19,19
50,19,19
51,19,19
52,23,23
53,23,23
54,26,26
55,26,26
56,26,26
57,30,30
58,30,30
59,30,30
60,33,33
61,33,33
62,33,33
63,35,35
64,35,35
65,38,38
66,40,40
67,42,42
68,45,45
69,47,47
70,50,50
71,50,50
72,52,52
73,53,53
74,53,53
75,57,57
76,57,57
77,60,60
78,60,60
79,63,63
80,65,65
81,65,65
82,70,70
83,70,70
84,75,75
85,75,75
86,80,80
87,80,80
88,85,85
89,90,90
90,90,90
91,90,100
92,95,100
93,95,100
94,95,100
95,100,100
96,100,100
97,100,100
98,100,100
99,100,100
100,100,100

[Cool]
0,0,0
1,0,0
2,0,0
3,0,0
4,0,0
5,0,0
6,0,0
7,0,0
8,0,0
9,0,0
10,0,0
11,0,0
12,0,0
13,0,0
14,0,0
15,0,0
16,0,0
17,0,0
18,0,0
19,0,0
20,0,0
21,0,0
22,0,0
23,0,0
24,0,0
25,0,0
26,0,0
27,0,0
28,0,0
29,0,0
30,0,0
31,0,0
32,0,0
33,0,0
34,0,0
35,0,0
36,0,0
37,0,0
38,0,0
39,0,0
40,15,15
41,15,15
42,15,15
43,15,15
44,15,15
45,15,15
46,20,20
47,20,20
48,20,20
49,20,20
50,20,20
51,25,25
52,25,25
53,25,25
54,27,27
55,27,27
56,30,30
57,30,30
58,32,32
59,33,33
60,35,35
61,37,37
62,40,40
63,40,40
64,42,42
65,45,45
66,45,45
67,45,45
68,47,47
69,50,50
70,50,50
71,52,52
72,55,55
73,55,55
74,57,57
75,60,60
76,60,60
77,65,65
78,65,65
79,70,70
80,70,70
81,75,75
82,75,75
83,80,80
84,80,80
85,85,85
86,85,85
87,90,90
88,90,90
89,90,95
90,95,95
91,95,100
92,95,100
93,95,100
94,95,100
95,100,100
96,100,100
97,100,100
98,100,100
99,100,100
100,100,100

[Freezy]
0,0,0
1,0,0
2,0,0
3,0,0
4,0,0
5,0,0
6,0,0
7,0,0
8,0,0
9,0,0
10,0,0
11,0,0
12,0,0
13,0,0
14,0,0
15,0,0
16,0,0
17,0,0
18,0,0
19,0,0
20,10,10
21,10,10
22,10,10
23,10,10
24,10,10
25,15,15
26,15,15
27,15,15
28,15,15
29,15,15
30,15,15
31,15,15
32,15,15
33,15,15
34,15,15
35,15,15
36,15,15
37,15,15
38,15,15
39,15,15
40,20,20
41,20,20
42,20,20
43,20,20
44,20,20
45,25,25
46,25,25
47,25,25
48,25,25
49,25,25
50,30,30
51,30,30
52,30,30
53,30,30
54,35,35
55,35,35
56,35,35
57,35,35
58,40,40
59,40,40
60,40,40
61,40,40
62,45,45
63,45,45
64,45,45
65,45,45
66,50,50
67,50,50
68,50,50
69,50,50
70,55,55
71,55,55
72,55,55
73,55,55
74,60,60
75,60,60
76,65,65
77,65,65
78,70,70
79,70,70
80,75,75
81,75,75
82,80,80
83,80,80
84,85,85
85,85,85
86,90,90
87,90,90
88,90,90
89,90,95
90,95,95
91,95,100
92,95,100
93,95,100
94,95,100
95,100,100
96,100,100
97,100,100
98,100,100
99,100,100
100,100,100
